12Fold 1 :1
Fold 2 :1
Fold 3 :1
Fold 4 :1
Fold 5 :1
Fold 6 :1
Fold 7 :1
Fold 8 :1
Fold 9 :1
Fold 10 :1
      id         F-score M-score av-rank-in-CV prop-selected-in-CV
 [1,] W_l.ed     -0.2131 0.2131  3.4           1                  
 [2,] W_s.ct     -0.2099 0.2099  2             1                  
 [3,] W_it       -0.1738 0.1738  1             1                  
 [4,] W_see      0.1159  -0.1159 5.3           1                  
 [5,] W_that     -0.1153 0.1153  5.5           1                  
 [6,] W_s        0.1135  -0.1135 7.3           1                  
 [7,] W_l        0.1106  -0.1106 5             1                  
 [8,] W_but      -0.1064 0.1064  21.2          1                  
 [9,] W_which    -0.1044 0.1044  19            1                  
[10,] W_there    -0.1    0.1     20.8          1                  
[11,] W_ed       0.0988  -0.0988 8.4           1                  
[12,] W_ct       0.0979  -0.0979 12.9          1                  
[13,] W_link     0.0952  -0.0952 12.6          1                  
[14,] W_id       0.0909  -0.0909 24.9          1                  
[15,] W_such     -0.0768 0.0768  27.8          1                  
[16,] W_is       -0.0756 0.0756  11.6          1                  
[17,] W_this     -0.0743 0.0743  13.1          1                  
[18,] W_at       0.0687  -0.0687 11.6          1                  
[19,] W_be       -0.0686 0.0686  21.4          1                  
[20,] W_these    -0.0679 0.0679  47.1          1                  
[21,] W_would    -0.0661 0.0661  30.4          1                  
[22,] W_of       -0.0618 0.0618  7.4           1                  
[23,] W_by       -0.0612 0.0612  16.9          1                  
[24,] W_more     -0.0604 0.0604  43.1          1                  
[25,] W_even     -0.056  0.056   38.8          1                  
[26,] W_f        0.0544  -0.0544 25.1          1                  
[27,] W_than     -0.0544 0.0544  37            1                  
[28,] W_have     -0.0529 0.0529  28.9          1                  
[29,] W_other    -0.0514 0.0514  44.1          1                  
[30,] W_d        0.0496  -0.0496 12.9          1                  
[31,] W_any      -0.0452 0.0452  37.3          1                  
[32,] W_so       -0.0437 0.0437  52.2          1                  
[33,] W_not      -0.0436 0.0436  30.4          1                  
[34,] W_been     -0.0435 0.0435  44.5          1                  
[35,] W_rule     0.0428  -0.0428 17.2          1                  
[36,] W_court    0.0418  -0.0418 58.6          0.9                
[37,] W_those    -0.0415 0.0415  47.2          1                  
[38,] W_its      -0.0392 0.0392  30.6          1                  
[39,] W_to       -0.0387 0.0387  19            1                  
[40,] W_all      -0.0383 0.0383  55.5          1                  
[41,] W_was      -0.038  0.038   57.8          0.9                
[42,] W_statute  -0.0368 0.0368  31.5          1                  
[43,] W_with     -0.0368 0.0368  36.9          1                  
[44,] W_does     -0.036  0.036   64            1                  
[45,] W_will     -0.0312 0.0312  65.3          0.9                
[46,] W_one      -0.0312 0.0312  52.7          1                  
[47,] W_on       0.0311  -0.0311 29.5          1                  
[48,] W_are      -0.0308 0.0308  43.1          1                  
[49,] W_courts   0.0285  -0.0285 79.6          0.4                
[50,] W_has      -0.028  0.028   48.8          1                  
[51,] W_state    0.0271  -0.0271 34.4          1                  
[52,] W_under    0.0259  -0.0259 40.7          1                  
[53,] W_supra    0.0254  -0.0254 72.2          0.9                
[54,] W_if       -0.0251 0.0251  70.6          0.7                
[55,] W_i        -0.0248 0.0248  55.5          1                  
[56,] W_they     -0.0243 0.0243  75.5          0.6                
[57,] W_case     -0.0226 0.0226  38.3          1                  
[58,] W_he       -0.0221 0.0221  66.5          0.9                
[59,] W_were     -0.0202 0.0202  94.1          0                  
[60,] W_appeals  0.02    -0.02   90.7          0                  
[61,] W_n        0.0199  -0.0199 65.6          1                  
[62,] W_as       -0.0193 0.0193  27.7          1                  
[63,] W_the      -0.0173 0.0173  25.1          1                  
[64,] W_district 0.0167  -0.0167 82.3          0.2                
[65,] W_no       -0.0164 0.0164  77.1          0.4                
[66,] W_for      0.0151  -0.0151 86.2          0.2                
[67,] W_cases    -0.0144 0.0144  42            1                  
[68,] W_our      -0.0134 0.0134  63.4          1                  
[69,] W_or       -0.0119 0.0119  89.6          0.2                
[70,] W_may      0.0118  -0.0118 80.7          0.3                
[71,] W_must     0.0113  -0.0113 93.3          0                  
[72,] W_united   -0.0106 0.0106  66.6          0.8                
[73,] W_law      -0.0104 0.0104  91.8          0                  
[74,] W_did      0.0099  -0.0099 62.7          1                  
[75,] W_b        0.009   -0.009  71.1          0.9                
[76,] W_had      0.0072  -0.0072 77.2          0.6                
[77,] W_who      -0.0038 0.0038  66.8          1                  
[78,] W_federal  0.0036  -0.0036 68.6          0.7                
[79,] W_v        0.0035  -0.0035 89            0                  
[80,] W_his      -0.003  0.003   57.6          1                  
[81,] W_u.s      0.0028  -0.0028 84.9          0.2                
[82,] W_because  -0.0018 0.0018  75            0.6                
[83,] W_evidence 0.0015  -0.0015 66.7          0.8                
