12Fold 1 :1
Fold 2 :1
Fold 3 :1
Fold 4 :1
Fold 5 :1
Fold 6 :1
Fold 7 :1
Fold 8 :1
Fold 9 :1
Fold 10 :1
      id          F-score M-score av-rank-in-CV prop-selected-in-CV
 [1,] W_it        -0.2027 0.2027  4.3           1                  
 [2,] W_l.ed      -0.1942 0.1942  11            1                  
 [3,] W_s.ct      -0.1901 0.1901  7             1                  
 [4,] W_see       0.1723  -0.1723 9             1                  
 [5,] W_l         0.1555  -0.1555 2.1           1                  
 [6,] W_at        0.1513  -0.1513 9.7           1                  
 [7,] W_ct        0.1392  -0.1392 6.1           1                  
 [8,] W_that      -0.1389 0.1389  6.4           1                  
 [9,] W_ed        0.1389  -0.1389 3.6           1                  
[10,] W_s         0.1374  -0.1374 1.5           1                  
[11,] W_is        -0.1372 0.1372  6.9           1                  
[12,] W_d         0.1281  -0.1281 13.2          1                  
[13,] W_these     -0.1174 0.1174  49.1          1                  
[14,] W_of        -0.1022 0.1022  37.1          1                  
[15,] W_link      0.0937  -0.0937 18.8          1                  
[16,] W_u.s       0.0926  -0.0926 14.9          1                  
[17,] W_by        -0.0918 0.0918  31.4          1                  
[18,] W_v         0.0905  -0.0905 20            1                  
[19,] W_but       -0.0895 0.0895  32.3          1                  
[20,] W_which     -0.0873 0.0873  23.4          1                  
[21,] W_the       -0.0868 0.0868  54.6          1                  
[22,] W_ante      0.0868  -0.0868 56.1          1                  
[23,] W_any       -0.0858 0.0858  47            1                  
[24,] W_if        -0.0853 0.0853  21.5          1                  
[25,] W_his       -0.0826 0.0826  21.5          1                  
[26,] W_this      -0.0807 0.0807  17.2          1                  
[27,] W_there     -0.0798 0.0798  34.5          1                  
[28,] W_only      -0.0795 0.0795  67.8          1                  
[29,] W_id        0.0789  -0.0789 52.5          1                  
[30,] W_not       -0.0785 0.0785  25.6          1                  
[31,] W_a         -0.0743 0.0743  13.5          1                  
[32,] W_such      -0.0733 0.0733  39            1                  
[33,] W_with      -0.0718 0.0718  53.1          1                  
[34,] W_even      -0.0715 0.0715  55.8          1                  
[35,] W_he        -0.0705 0.0705  42            1                  
[36,] W_f         0.0698  -0.0698 63.6          1                  
[37,] W_does      -0.0655 0.0655  78.1          1                  
[38,] W_have      -0.0624 0.0624  26.5          1                  
[39,] W_has       -0.0616 0.0616  47            1                  
[40,] W_was       -0.0603 0.0603  70.1          0.9                
[41,] W_than      -0.0598 0.0598  24.6          1                  
[42,] W_n         0.0576  -0.0576 76.2          1                  
[43,] W_or        -0.057  0.057   59.3          1                  
[44,] W_who       -0.057  0.057   47.5          1                  
[45,] W_we        -0.0553 0.0553  84.8          0.8                
[46,] W_one       -0.0552 0.0552  33            1                  
[47,] W_those     -0.0529 0.0529  72.4          1                  
[48,] W_first     -0.0494 0.0494  77.7          1                  
[49,] W_been      -0.0492 0.0492  54.2          1                  
[50,] W_and       0.048   -0.048  59.1          1                  
[51,] W_rule      0.048   -0.048  23.2          1                  
[52,] W_more      -0.046  0.046   29.4          1                  
[53,] W_may       -0.0454 0.0454  84.8          0.8                
[54,] W_be        -0.0452 0.0452  38.7          1                  
[55,] W_court's   0.0449  -0.0449 63.1          1                  
[56,] W_to        -0.0426 0.0426  36.5          1                  
[57,] W_would     -0.0393 0.0393  30.4          1                  
[58,] W_i         -0.0367 0.0367  48.5          1                  
[59,] W_statute   -0.0338 0.0338  57.5          1                  
[60,] W_as        -0.0338 0.0338  64.8          1                  
[61,] W_cases     -0.0335 0.0335  79.9          1                  
[62,] W_from      -0.0323 0.0323  80.8          0.8                
[63,] W_because   -0.0316 0.0316  62.1          1                  
[64,] W_were      -0.0292 0.0292  74.1          1                  
[65,] W_an        -0.0271 0.0271  44.7          1                  
[66,] W_its       -0.0262 0.0262  73.7          1                  
[67,] W_law       0.0256  -0.0256 42.7          1                  
[68,] W_evidence  0.0247  -0.0247 19.5          1                  
[69,] W_for       0.0242  -0.0242 85.3          0.5                
[70,] W_had       -0.0222 0.0222  72.7          1                  
[71,] W_our       -0.0211 0.0211  93.8          0.6                
[72,] W_case      -0.0207 0.0207  89.2          0.8                
[73,] W_no        -0.0207 0.0207  83.2          0.9                
[74,] W_all       -0.0189 0.0189  70.3          1                  
[75,] W_should    -0.0185 0.0185  83.9          0.9                
[76,] W_also      0.0184  -0.0184 83.4          0.9                
[77,] W_other     -0.017  0.017   65.9          1                  
[78,] W_their     0.0167  -0.0167 91.6          0.6                
[79,] W_when      -0.0151 0.0151  71            1                  
[80,] W_so        -0.0137 0.0137  88.5          0.8                
[81,] W_under     0.0135  -0.0135 75.8          1                  
[82,] W_state     0.0133  -0.0133 43            1                  
[83,] W_states    0.013   -0.013  51.6          1                  
[84,] W_amendment 0.0117  -0.0117 33.1          1                  
[85,] W_court     0.0106  -0.0106 43.2          1                  
[86,] W_must      0.01    -0.01   42.4          1                  
[87,] W_they      -0.0079 0.0079  89.1          0.8                
[88,] W_federal   -0.0069 0.0069  89.4          0.6                
[89,] W_are       -0.0034 0.0034  41.8          1                  
[90,] W_in        -0.0024 0.0024  18.2          1                  
[91,] W_courts    0.0012  -0.0012 61.9          1                  
[92,] W_congress  -5e-04  5e-04   80.2          0.8                
[93,] W_united    -1e-04  1e-04   93.3          0.3                
